3.1
5.4
4.5
2.9
4.9
5.0
4.5
5.1
5.1
4.7
5.4
4.9
8.9
5.3
7.3
5.1
2.9
7.0
6.9
7.4
2.4
6.8
7.0
4.8
5.5
4.9
2.7
3.7
4.7
7.1
4.7
2.7
6.6
6.9
5.1
6.9
4.5
5.1
7.2
4.6
2.9
8.7
3.3
2.6
5.5
3.5
4.8
6.9
5.0
4.6
7.0
5.2
3.4
1.5
4.9
4.7
3.0
4.5
7.1
2.4
4.6
3.4
7.1
8.6
2.5
7.3
3.0
0.6
6.7
7.0
5.4
3.0
5.1
6.5
4.5
6.9
5.5
2.7
9.3
6.5
5.2
6.8
5.6
3.6
5.2
5.4
16.4
2.7
8.9
7.0
1.3
3.0
3.2
2.7
7.3
4.9
2.5
5.3
2.7
2.9
